Matrix D (assumed to be sorted) = 
    -2.271      0.000      0.000      0.000      0.000 
     0.000     -2.182      0.000      0.000      0.000 
     0.000      0.000     -1.269      0.000      0.000 
     0.000      0.000      0.000     -0.756      0.000 
     0.000      0.000      0.000      0.000      1.100 

Vector u = -1.800 -0.544 -1.751 -0.570 1.463 

And hence matrix A =
     0.968      0.979      3.151      1.025     -2.633 
     0.979     -1.886      0.952      0.310     -0.796 
     3.151      0.952      1.797      0.997     -2.562 
     1.025      0.310      0.997     -0.431     -0.833 
    -2.633     -0.796     -2.562     -0.833      3.241 

Now finding eigenvalues.
Eigenvalues are =                     -2.190 -1.806 -0.803 0.294 8.195 
Eigenvalues found with cyclic sweep = -2.190 -1.806 -0.803 0.294 8.195 

Corresponding eigenvectors found with old routine:
     0.328      0.728      0.096      0.303     -0.511 
    -0.944      0.272      0.031      0.095     -0.156 
    -0.028     -0.613      0.295      0.483     -0.550 
    -0.006     -0.102     -0.948      0.234     -0.189 
     0.007      0.095      0.060      0.782      0.613 

-- Now for some zero-elements in u --

u = 1.010 0.000 2.287 -1.728 0.000 

D = 
    -2.497      0.000      0.000      0.000      0.000 
     0.000     -1.286      0.000      0.000      0.000 
     0.000      0.000     -0.019      0.000      0.000 
     0.000      0.000      0.000      0.837      0.000 
     0.000      0.000      0.000      0.000      1.006 

Matrix A is then = 
    -1.476      0.000      2.311     -1.746      0.000 
     0.000     -1.286      0.000      0.000      0.000 
     2.311      0.000      5.212     -3.952      0.000 
    -1.746      0.000     -3.952      3.823      0.000 
     0.000      0.000      0.000      0.000      1.006 

Eigenvalues are =                     -2.259 -1.286 0.512 1.006 9.306 
Eigenvalues found with cyclic sweep = -2.259 -1.286 0.512 1.006 9.306 

-- Now for all elements in u equal to zero --

u = 0.000 0.000 0.000 0.000 0.000 

D = 
    -1.750      0.000      0.000      0.000      0.000 
     0.000     -1.332      0.000      0.000      0.000 
     0.000      0.000     -1.321      0.000      0.000 
     0.000      0.000      0.000     -0.282      0.000 
     0.000      0.000      0.000      0.000      0.076 

Eigenvalues are =                     -1.750 -1.332 -1.321 -0.282 0.076 
Eigenvalues found with cyclic sweep = -1.750 -1.332 -1.321 -0.282 0.076 
