Matrix D (assumed to be sorted) = 
    -2.214      0.000      0.000      0.000      0.000 
     0.000     -2.208      0.000      0.000      0.000 
     0.000      0.000     -1.619      0.000      0.000 
     0.000      0.000      0.000      1.670      0.000 
     0.000      0.000      0.000      0.000      2.097 

Vector u = 2.337 1.671 -1.349 -1.485 1.375 

And hence matrix A =
     3.248      3.906     -3.154     -3.471      3.215 
     3.906      0.586     -2.256     -2.483      2.299 
    -3.154     -2.256      0.202      2.004     -1.856 
    -3.471     -2.483      2.004      3.876     -2.043 
     3.215      2.299     -1.856     -2.043      3.989 

Now finding eigenvalues.
Eigenvalues are =                     -2.210 -1.738 0.457 1.916 13.476 
Eigenvalues found with cyclic sweep = -2.210 -1.738 0.457 1.916 13.476 

Corresponding eigenvectors found with old routine:
     0.583      0.382     -0.450     -0.058      0.555 
    -0.812      0.277     -0.323     -0.042      0.397 
     0.003      0.881      0.334      0.039     -0.333 
     0.000      0.034     -0.629      0.619     -0.469 
     0.000     -0.028      0.431      0.781      0.451 

-- Now for some zero-elements in u --

u = 0.378 0.000 -1.749 -1.146 0.000 

D = 
    -0.199      0.000      0.000      0.000      0.000 
     0.000      1.407      0.000      0.000      0.000 
     0.000      0.000      1.467      0.000      0.000 
     0.000      0.000      0.000      1.588      0.000 
     0.000      0.000      0.000      0.000      1.588 

Matrix A is then = 
    -0.056      0.000     -0.661     -0.433      0.000 
     0.000      1.407      0.000      0.000      0.000 
    -0.661      0.000      4.524      2.004      0.000 
    -0.433      0.000      2.004      2.901      0.000 
     0.000      0.000      0.000      0.000      1.588 

Eigenvalues are =                     -0.159 1.407 1.551 1.588 5.978 
Eigenvalues found with cyclic sweep = -0.159 1.407 1.551 1.588 5.978 

-- Now for all elements in u equal to zero --

u = 0.000 0.000 0.000 0.000 0.000 

D = 
    -1.576      0.000      0.000      0.000      0.000 
     0.000     -1.420      0.000      0.000      0.000 
     0.000      0.000     -0.296      0.000      0.000 
     0.000      0.000      0.000      0.165      0.000 
     0.000      0.000      0.000      0.000      2.311 

Eigenvalues are =                     -1.576 -1.420 -0.296 0.165 2.311 
Eigenvalues found with cyclic sweep = -1.576 -1.420 -0.296 0.165 2.311 
