Matrix D (assumed to be sorted) = 
    -1.631      0.000      0.000      0.000      0.000 
     0.000     -0.464      0.000      0.000      0.000 
     0.000      0.000      0.376      0.000      0.000 
     0.000      0.000      0.000      0.817      0.000 
     0.000      0.000      0.000      0.000      1.545 

Vector u = -0.668 -0.545 1.295 2.205 -0.707 

And hence matrix A =
    -1.186      0.364     -0.865     -1.472      0.472 
     0.364     -0.166     -0.707     -1.203      0.386 
    -0.865     -0.707      2.054      2.856     -0.916 
    -1.472     -1.203      2.856      5.677     -1.559 
     0.472      0.386     -0.916     -1.559      2.045 

Now finding eigenvalues.
Eigenvalues are =                     -1.530 -0.421 0.484 1.483 8.408 
Eigenvalues found with cyclic sweep = -1.530 -0.421 0.484 1.483 8.408 

Corresponding eigenvectors found with old routine:
     0.981      0.043     -0.023     -0.018      0.185 
    -0.076      0.981     -0.042     -0.023      0.171 
     0.101      0.126      0.874      0.098     -0.449 
     0.140      0.138     -0.482      0.276     -0.808 
    -0.034     -0.028      0.048      0.956      0.287 

-- Now for some zero-elements in u --

u = -0.847 0.000 2.166 1.049 0.000 

D = 
    -2.166      0.000      0.000      0.000      0.000 
     0.000     -0.305      0.000      0.000      0.000 
     0.000      0.000      0.187      0.000      0.000 
     0.000      0.000      0.000      0.278      0.000 
     0.000      0.000      0.000      0.000      0.553 

Matrix A is then = 
    -1.450      0.000     -1.834     -0.888      0.000 
     0.000     -0.305      0.000      0.000      0.000 
    -1.834      0.000      4.880      2.273      0.000 
    -0.888      0.000      2.273      1.378      0.000 
     0.000      0.000      0.000      0.000      0.553 

Eigenvalues are =                     -1.971 -0.305 0.260 0.553 6.519 
Eigenvalues found with cyclic sweep = -1.971 -0.305 0.260 0.553 6.519 

-- Now for all elements in u equal to zero --

u = 0.000 0.000 0.000 0.000 0.000 

D = 
    -0.945      0.000      0.000      0.000      0.000 
     0.000      0.103      0.000      0.000      0.000 
     0.000      0.000      0.228      0.000      0.000 
     0.000      0.000      0.000      1.498      0.000 
     0.000      0.000      0.000      0.000      1.532 

Matrix A is then = 
    -0.945      0.000      0.000      0.000      0.000 
     0.000      0.103      0.000      0.000      0.000 
     0.000      0.000      0.228      0.000      0.000 
     0.000      0.000      0.000      1.498      0.000 
     0.000      0.000      0.000      0.000      1.532 
From routine: All elements in u are zero: No need to update eigenvalues!

Eigenvalues are =                     -0.945 0.103 0.228 1.498 1.532 
Eigenvalues found with cyclic sweep = -0.945 0.103 0.228 1.498 1.532 
