Matrix D (assumed to be sorted) = 
    -1.289      0.000      0.000      0.000      0.000 
     0.000     -1.075      0.000      0.000      0.000 
     0.000      0.000     -0.647      0.000      0.000 
     0.000      0.000      0.000     -0.196      0.000 
     0.000      0.000      0.000      0.000      0.885 

Vector u = -0.159 0.543 2.495 -1.399 0.346 

And hence matrix A =
    -1.263     -0.087     -0.397      0.223     -0.055 
    -0.087     -0.780      1.355     -0.760      0.188 
    -0.397      1.355      5.577     -3.491      0.863 
     0.223     -0.760     -3.491      1.761     -0.484 
    -0.055      0.188      0.863     -0.484      1.004 

Now finding eigenvalues.
Eigenvalues are =                     -1.287 -1.059 -0.307 0.861 8.092 
Eigenvalues found with cyclic sweep = -1.287 -1.059 -0.307 0.861 8.092 

Corresponding eigenvectors found with old routine:
     0.998     -0.020     -0.011      0.005     -0.050 
     0.029      0.983      0.048     -0.019      0.174 
     0.044     -0.176      0.503     -0.110      0.838 
    -0.015      0.047      0.863      0.088     -0.495 
     0.002     -0.005     -0.020      0.990      0.141 

-- Now for some zero-elements in u --

u = 1.320 0.000 -1.396 1.455 0.000 

D = 
    -1.342      0.000      0.000      0.000      0.000 
     0.000     -1.339      0.000      0.000      0.000 
     0.000      0.000      0.149      0.000      0.000 
     0.000      0.000      0.000      0.592      0.000 
     0.000      0.000      0.000      0.000      1.674 

Matrix A is then = 
     0.399      0.000     -1.842      1.919      0.000 
     0.000     -1.339      0.000      0.000      0.000 
    -1.842      0.000      2.097     -2.030      0.000 
     1.919      0.000     -2.030      2.708      0.000 
     0.000      0.000      0.000      0.000      1.674 

Eigenvalues are =                     -1.339 -0.928 0.362 1.674 5.770 
Eigenvalues found with cyclic sweep = -1.339 -0.928 0.362 1.674 5.770 

-- Now for all elements in u equal to zero --

u = 0.000 0.000 0.000 0.000 0.000 

D = 
    -2.449      0.000      0.000      0.000      0.000 
     0.000     -1.650      0.000      0.000      0.000 
     0.000      0.000     -1.153      0.000      0.000 
     0.000      0.000      0.000     -1.129      0.000 
     0.000      0.000      0.000      0.000      2.208 

Eigenvalues are =                     -2.449 -1.650 -1.153 -1.129 2.208 
Eigenvalues found with cyclic sweep = -2.449 -1.650 -1.153 -1.129 2.208 
