Matrix D (assumed to be sorted) = 
    -1.685      0.000      0.000      0.000      0.000 
     0.000     -1.606      0.000      0.000      0.000 
     0.000      0.000     -1.594      0.000      0.000 
     0.000      0.000      0.000      0.950      0.000 
     0.000      0.000      0.000      0.000      1.285 

Vector u = 2.350 -1.195 1.330 0.541 -1.877 

And hence matrix A =
     3.836     -2.807      3.124      1.271     -4.409 
    -2.807     -0.179     -1.588     -0.646      2.242 
     3.124     -1.588      0.174      0.719     -2.495 
     1.271     -0.646      0.719      1.242     -1.015 
    -4.409      2.242     -2.495     -1.015      4.807 

Now finding eigenvalues.
Eigenvalues are =                     -1.632 -1.600 0.212 0.981 11.919 
Eigenvalues found with cyclic sweep = -1.632 -1.600 0.212 0.981 11.919 
Checking if identical via approx: True

-- Now for sigma < 0 --
Matrix D (assumed to be sorted) = 
    -2.465      0.000      0.000      0.000      0.000 
     0.000     -1.647      0.000      0.000      0.000 
     0.000      0.000     -1.386      0.000      0.000 
     0.000      0.000      0.000     -1.386      0.000 
     0.000      0.000      0.000      0.000      0.686 

Vector u = 1.014 -1.081 0.301 -0.523 1.474 
Sigma = -1.3

Hence matrix A:
    -3.803      1.426     -0.397      0.690     -1.944 
     1.426     -3.167      0.423     -0.736      2.073 
    -0.397      0.423     -1.504      0.205     -0.577 
     0.690     -0.736      0.205     -1.742      1.003 
    -1.944      2.073     -0.577      1.003     -2.139 

Eigenvalues are =                     -7.177 -2.120 -1.442 -1.386 -0.230 
Eigenvalues found with cyclic sweep = -7.177 -2.120 -1.442 -1.386 -0.230 
Checking if identical via approx: True

-- Now for some zero-elements in u --

u = 0.804 0.000 1.835 2.052 0.000 

D = 
    -1.415      0.000      0.000      0.000      0.000 
     0.000      0.485      0.000      0.000      0.000 
     0.000      0.000      0.588      0.000      0.000 
     0.000      0.000      0.000      0.949      0.000 
     0.000      0.000      0.000      0.000      1.957 

Matrix A is then = 
    -0.768      0.000      1.475      1.649      0.000 
     0.000      0.485      0.000      0.000      0.000 
     1.475      0.000      3.956      3.765      0.000 
     1.649      0.000      3.765      5.158      0.000 
     0.000      0.000      0.000      0.000      1.957 

Eigenvalues are =                     -1.277 0.485 0.745 1.957 8.877 
Eigenvalues found with cyclic sweep = -1.277 0.485 0.745 1.957 8.877 
Checking if identical via approx: True

-- Now for all elements in u equal to zero --

u = 0.000 0.000 0.000 0.000 0.000 

D = 
    -2.443      0.000      0.000      0.000      0.000 
     0.000     -0.898      0.000      0.000      0.000 
     0.000      0.000      1.497      0.000      0.000 
     0.000      0.000      0.000      1.863      0.000 
     0.000      0.000      0.000      0.000      2.036 

Eigenvalues are =                     -2.443 -0.898 1.497 1.863 2.036 
Eigenvalues found with cyclic sweep = -2.443 -0.898 1.497 1.863 2.036 
Checking if identical via approx: True
