Matrix D (assumed to be sorted) = 
    -1.900      0.000      0.000      0.000      0.000 
     0.000     -1.655      0.000      0.000      0.000 
     0.000      0.000     -0.880      0.000      0.000 
     0.000      0.000      0.000     -0.032      0.000 
     0.000      0.000      0.000      0.000      1.953 

Vector u = -1.924 -0.628 1.766 2.488 -2.215 

And hence matrix A =
     1.801      1.209     -3.397     -4.787      4.261 
     1.209     -1.260     -1.109     -1.563      1.391 
    -3.397     -1.109      2.238      4.394     -3.911 
    -4.787     -1.563      4.394      6.159     -5.510 
     4.261      1.391     -3.911     -5.510      6.858 

Now finding eigenvalues.
Eigenvalues are =                     -1.700 -1.497 -0.591 1.225 18.361 
Eigenvalues found with cyclic sweep = -1.700 -1.497 -0.591 1.225 18.361 
Checking if identical via approx: True

-- Now for sigma < 0 --
Matrix D (assumed to be sorted) = 
    -1.919      0.000      0.000      0.000      0.000 
     0.000     -1.388      0.000      0.000      0.000 
     0.000      0.000     -0.480      0.000      0.000 
     0.000      0.000      0.000      0.561      0.000 
     0.000      0.000      0.000      0.000      2.272 

Vector u = 0.234 -1.843 -1.077 1.786 -1.958 
Sigma = -1.3

Hence matrix A:
    -1.990      0.562      0.328     -0.544      0.597 
     0.562     -5.802     -2.580      4.279     -4.690 
     0.328     -2.580     -1.988      2.501     -2.741 
    -0.544      4.279      2.501     -3.586      4.546 
     0.597     -4.690     -2.741      4.546     -2.711 

Eigenvalues are =                     -14.828 -1.912 -0.827 -0.097 1.587 
Eigenvalues found with cyclic sweep = -14.828 -1.912 -0.827 -0.097 1.587 
Checking if identical via approx: True

-- Now for some zero-elements in u --

u = -0.513 0.000 -0.141 0.971 0.000 

D = 
    -2.258      0.000      0.000      0.000      0.000 
     0.000     -1.164      0.000      0.000      0.000 
     0.000      0.000     -0.602      0.000      0.000 
     0.000      0.000      0.000      1.683      0.000 
     0.000      0.000      0.000      0.000      1.877 

Matrix A is then = 
    -1.995      0.000      0.073     -0.498      0.000 
     0.000     -1.164      0.000      0.000      0.000 
     0.073      0.000     -0.582     -0.137      0.000 
    -0.498      0.000     -0.137      2.625      0.000 
     0.000      0.000      0.000      0.000      1.877 

Eigenvalues are =                     -2.050 -1.164 -0.586 1.877 2.685 
Eigenvalues found with cyclic sweep = -2.050 -1.164 -0.586 1.877 2.685 
Checking if identical via approx: True

-- Now for all elements in u equal to zero --

u = 0.000 0.000 0.000 0.000 0.000 

D = 
    -2.180      0.000      0.000      0.000      0.000 
     0.000     -1.899      0.000      0.000      0.000 
     0.000      0.000     -1.096      0.000      0.000 
     0.000      0.000      0.000     -0.171      0.000 
     0.000      0.000      0.000      0.000      1.705 

Eigenvalues are =                     -2.180 -1.899 -1.096 -0.171 1.705 
Eigenvalues found with cyclic sweep = -2.180 -1.899 -1.096 -0.171 1.705 
Checking if identical via approx: True
