Part B2
Random matrix M = 
      2.26      0.146      -1.25      0.015     -0.443 
     0.146      -1.06      0.545      0.432     -0.315 
     -1.25      0.545       2.05       1.11     -0.165 
     0.015      0.432       1.11     -0.688     -0.586 
    -0.443     -0.315     -0.165     -0.586      0.894 

All eigenvalues and eigenvectors calculated with method implemented in part A:
All eigenvalues:-1.363 -1.106 0.478 1.875 3.581 
Corresponding eigenvectors:
  -0.00455       0.14     -0.481     -0.547       0.67 
    -0.702     -0.671    -0.0478      -0.22    -0.0791 
    -0.113      0.367     -0.419      -0.41     -0.713 
     0.699     -0.591    -0.0375     -0.354     -0.189 
    0.0742     -0.217     -0.767      0.599    -0.0164 

Now using method implimented in part B only 1 eigenvalues and eigenvectors are calculated:
1 lowest eigenvalues:-1.363 
1 rows should be zeroed:
     -1.36   4.05e-09   6.05e-09  -6.03e-10   1.11e-16 
  4.05e-09       2.28      -1.21     0.0798     -0.466 
  6.05e-09      -1.21       2.22       1.06     -0.219 
 -6.03e-10     0.0798       1.06     -0.574     -0.632 
  1.53e-16     -0.466     -0.219     -0.632      0.899 


Part B3 and B4
See plotB3.svg

Part B5
Random matrix M5 = 
      2.26      0.146      -1.25      0.015     -0.443 
     0.146      -1.06      0.545      0.432     -0.315 
     -1.25      0.545       2.05       1.11     -0.165 
     0.015      0.432       1.11     -0.688     -0.586 
    -0.443     -0.315     -0.165     -0.586      0.894 
V.T*M*V = 
     -1.36   4.05e-09   6.05e-09  -6.03e-10   1.11e-16 
  4.05e-09       2.28      -1.21     0.0798     -0.466 
  6.05e-09      -1.21       2.22       1.06     -0.219 
 -6.03e-10     0.0798       1.06     -0.574     -0.632 
  1.53e-16     -0.466     -0.219     -0.632      0.899 
Eigenvalues = 3.581 1.875 0.478 -1.106 -1.363 
