Part A1
Creating random tall matrix of random dimensions:
A1 = 
     4.287      5.560      4.567      5.460      5.532      2.226      6.758 
     4.305      4.472      2.592      6.315      5.528      2.272      4.810 
     5.875      5.852      5.017      5.121      4.273      4.474      5.877 
     4.108      4.876      6.920      4.941      3.018      4.865      6.825 
     4.017      2.734      4.346      3.321      5.757      2.204      6.558 
     5.462      2.003      4.110      6.288      3.446      4.230      5.833 
     3.812      3.466      2.420      6.647      5.118      3.239      4.795 
     2.103      2.089      5.092      5.443      5.369      5.860      2.179 
     2.684      4.648      2.518      4.514      4.362      6.932      2.287 
     3.738      5.246      4.994      6.771      2.067      5.252      2.413 

Decomposing into Q and R using GS-factorization:
Decomp. Q = 
     0.325      0.300     -0.053     -0.119      0.216     -0.458      0.139 
     0.326      0.064     -0.380      0.230      0.164     -0.294     -0.164 
     0.445      0.033     -0.189     -0.490     -0.111      0.210     -0.453 
     0.311      0.191      0.519     -0.257     -0.236     -0.084      0.545 
     0.304     -0.248      0.166     -0.323      0.518     -0.056     -0.055 
     0.414     -0.703     -0.013      0.150     -0.301      0.211      0.144 
     0.289     -0.049     -0.271      0.462      0.096     -0.133      0.351 
     0.159      0.011      0.624      0.460      0.364      0.137     -0.357 
     0.203      0.437     -0.199      0.093      0.199      0.747      0.246 
     0.283      0.346      0.134      0.257     -0.565     -0.101     -0.343 
Decomp. R1 = 
    13.206     12.806     13.169     16.877     13.417     12.150     15.785 
     0.000      4.684      1.814      1.950      1.301      3.115     -0.279 
     0.000      0.000      4.772      0.980      0.645      3.110      1.187 
     0.000      0.000      0.000      4.622      2.167      2.916     -1.530 
     0.000      0.000      0.000      0.000      5.003     -0.066      1.970 
     0.000      0.000      0.000      0.000      0.000      4.638     -1.854 
     0.000      0.000      0.000      0.000      0.000      0.000      2.329 

Making sure Q^T*Q is equal to the identity matrix:
Q^T*Q = 
     1.000      0.000      0.000      0.000      0.000      0.000      0.000 
     0.000      1.000      0.000      0.000      0.000      0.000      0.000 
     0.000      0.000      1.000      0.000      0.000      0.000      0.000 
     0.000      0.000      0.000      1.000      0.000      0.000      0.000 
     0.000      0.000      0.000      0.000      1.000      0.000      0.000 
     0.000      0.000      0.000      0.000      0.000      1.000      0.000 
     0.000      0.000      0.000      0.000      0.000      0.000      1.000 
Checking that Q*R1-A1 = 0
Q*R1 - A1 = 
     0.000      0.000      0.000      0.000      0.000      0.000      0.000 
     0.000      0.000      0.000      0.000      0.000      0.000      0.000 
     0.000      0.000      0.000      0.000      0.000      0.000      0.000 
     0.000      0.000      0.000      0.000      0.000      0.000      0.000 
     0.000      0.000      0.000      0.000      0.000      0.000      0.000 
     0.000      0.000      0.000      0.000      0.000      0.000      0.000 
     0.000      0.000      0.000      0.000      0.000      0.000      0.000 
     0.000      0.000      0.000      0.000      0.000      0.000      0.000 
     0.000      0.000      0.000      0.000      0.000      0.000      0.000 
     0.000      0.000      0.000      0.000      0.000      0.000      0.000 

 
Part A2: Solution to linear system, Ax = b.
Creating random square matrix, A2:
A2 = 
     5.825      2.156      6.386      5.631      6.380      4.135      3.025 
     5.800      2.300      2.515      6.499      2.479      3.695      4.488 
     2.460      6.419      2.945      2.729      2.337      6.942      5.482 
     2.811      6.585      4.850      3.652      2.199      2.312      5.977 
     2.449      4.765      4.519      6.974      5.569      6.120      3.526 
     2.266      5.667      4.088      3.554      2.782      3.961      4.908 
     3.565      4.731      6.327      3.766      5.991      5.085      2.304 
Random vector b:
b = 1.759 2.226 3.215 1.674 4.194 1.286 3.075 
QR-factorisation
x, solution to equation:
x = 6.365 10.181 -25.473 -6.756 27.133 -10.914 5.108 
Checking A*x-b = 0
0.000 0.000 0.000 0.000 0.000 0.000 0.000 

 
Problem B
Creating random square matrix:
B = 
     5.897      2.736      6.741      4.691      5.514      6.090      4.429 
     5.038      4.822      5.528      3.977      3.201      3.282      2.363 
     6.538      2.199      4.808      6.532      4.661      4.956      5.867 
     6.133      6.262      3.022      6.553      4.155      2.608      5.509 
     5.038      6.525      4.457      6.363      2.365      5.173      3.768 
     6.673      6.131      3.402      5.716      5.255      6.985      6.155 
     4.254      2.234      4.361      2.826      5.500      3.623      3.184 
Calculating inverse of A2 by QR-facorization
Inverse og B:
B^(-1) = 
    -1.145      0.977      0.751     -0.609     -0.348      0.406      0.165 
     0.320     -0.071     -0.381      0.256     -0.012      0.026     -0.170 
     1.098     -0.223     -0.517      0.485     -0.158     -0.235     -0.606 
    -0.945     -0.102      0.550     -0.393      0.630     -0.262      0.816 
    -0.633     -0.102      0.164     -0.209      0.273     -0.087      0.860 
    -0.266      0.004      0.147     -0.373      0.190      0.180      0.167 
     2.036     -0.688     -0.968      1.104     -0.557     -0.062     -1.356 
Checking that B * B^(-1) = I:
B^(-1) * B
     1.000      0.000      0.000      0.000      0.000      0.000      0.000 
     0.000      1.000      0.000      0.000      0.000      0.000      0.000 
     0.000      0.000      1.000      0.000      0.000      0.000      0.000 
     0.000      0.000      0.000      1.000      0.000      0.000      0.000 
     0.000      0.000      0.000      0.000      1.000      0.000      0.000 
     0.000      0.000      0.000      0.000      0.000      1.000      0.000 
     0.000      0.000      0.000      0.000      0.000      0.000      1.000 
