Part A1
Creating random tall matrix of random dimensions:
A1 = 
     2.722      2.794      3.368      2.656      2.803      5.546      4.882 
     4.359      6.913      5.943      4.759      2.340      5.222      6.360 
     6.386      2.622      2.422      2.977      5.980      6.690      3.350 
     3.137      5.570      6.866      4.382      6.940      3.221      4.008 
     4.384      4.063      6.006      6.087      6.099      5.206      4.880 
     2.561      6.559      4.514      3.284      2.837      2.835      6.659 
     2.941      3.309      3.431      4.500      5.521      2.168      4.804 
     6.728      2.135      6.756      6.149      5.742      4.669      6.585 

Decomposing into Q and R using GS-factorization:
Decomp. Q = 
     0.217      0.068      0.042     -0.125     -0.027      0.805      0.492 
     0.348      0.425     -0.173     -0.066     -0.585     -0.007     -0.398 
     0.510     -0.350     -0.664     -0.187      0.332      0.023     -0.161 
     0.251      0.383      0.432     -0.414      0.597     -0.094     -0.190 
     0.350      0.053      0.282      0.469      0.019      0.344     -0.414 
     0.205      0.573     -0.233     -0.065     -0.067     -0.262      0.471 
     0.235      0.111     -0.052      0.728      0.290     -0.216      0.259 
     0.537     -0.450      0.452     -0.135     -0.318     -0.329      0.277 
Decomp. R1 = 
    12.518     10.437     13.221     12.016     13.313     12.665     13.728 
     0.000      7.721      4.778      2.773      1.725      1.525      5.039 
     0.000      0.000      3.988      2.701      2.106     -0.918      1.164 
     0.000      0.000      0.000      2.071      1.422     -0.419      1.149 
     0.000      0.000      0.000      0.000      4.392     -0.004     -1.394 
     0.000      0.000      0.000      0.000      0.000      3.323      0.315 
     0.000      0.000      0.000      0.000      0.000      0.000      2.759 

Making sure Q^T*Q is equal to the identity matrix:
Q^T*Q = 
     1.000      0.000      0.000      0.000      0.000      0.000      0.000 
     0.000      1.000      0.000      0.000      0.000      0.000      0.000 
     0.000      0.000      1.000      0.000      0.000      0.000      0.000 
     0.000      0.000      0.000      1.000      0.000      0.000      0.000 
     0.000      0.000      0.000      0.000      1.000      0.000      0.000 
     0.000      0.000      0.000      0.000      0.000      1.000      0.000 
     0.000      0.000      0.000      0.000      0.000      0.000      1.000 
Checking that Q*R1-A1 = 0
Q*R1 - A1 = 
     0.000      0.000      0.000      0.000      0.000      0.000      0.000 
     0.000      0.000      0.000      0.000      0.000      0.000      0.000 
     0.000      0.000      0.000      0.000      0.000      0.000      0.000 
     0.000      0.000      0.000      0.000      0.000      0.000      0.000 
     0.000      0.000      0.000      0.000      0.000      0.000      0.000 
     0.000      0.000      0.000      0.000      0.000      0.000      0.000 
     0.000      0.000      0.000      0.000      0.000      0.000      0.000 
     0.000      0.000      0.000      0.000      0.000      0.000      0.000 

 
Part A2: Solution to linear system, Ax = b.
Creating random square matrix, A2:
A2 = 
     2.050      5.957      4.529      6.972      6.391      3.656      3.266 
     2.726      2.635      3.581      4.764      6.445      6.058      4.763 
     3.304      5.221      3.133      3.413      2.989      5.286      3.281 
     4.567      6.737      5.520      3.136      3.605      6.107      3.915 
     3.544      3.490      2.500      4.022      4.399      3.825      6.353 
     4.690      4.207      3.800      5.867      5.775      4.086      6.833 
     6.083      5.231      4.339      6.375      3.572      3.475      6.496 
Random vector b:
b = 2.163 3.983 4.287 4.951 1.489 1.239 3.619 
QR-factorisation
x, solution to equation:
x = -1.567 -0.753 1.590 1.309 -2.282 1.620 0.673 
Checking A*x-b = 0
0.000 0.000 0.000 0.000 0.000 0.000 0.000 

 
Problem B
Creating random square matrix:
B = 
     6.112      5.007      6.752      6.309      3.355      6.143      5.079 
     4.954      3.971      4.540      5.058      4.076      4.290      5.106 
     4.073      6.794      2.487      5.886      6.137      5.305      5.193 
     2.867      5.907      6.085      2.603      6.944      6.889      2.014 
     3.323      2.701      2.384      3.195      2.373      6.955      4.152 
     4.570      6.663      5.257      5.857      5.772      3.899      2.129 
     2.088      2.143      2.986      5.726      4.334      6.554      6.408 
Calculating inverse of A2 by QR-facorization
Inverse og B:
B^(-1) = 
    -0.502      0.644     -0.312     -0.156      0.462      0.334     -0.224 
     0.541     -0.521      0.516      0.112     -0.311     -0.403     -0.132 
     0.349     -0.139      0.003      0.160     -0.320     -0.214      0.060 
    -0.044     -0.201     -0.148     -0.211      0.070      0.396      0.204 
    -0.576      0.518     -0.260      0.022      0.155      0.291      0.050 
    -0.056     -0.148     -0.094     -0.004      0.275      0.110      0.024 
     0.306      0.009      0.331      0.116     -0.346     -0.537      0.004 
Checking that B * B^(-1) = I:
B^(-1) * B
     1.000      0.000      0.000      0.000      0.000      0.000      0.000 
     0.000      1.000      0.000      0.000      0.000      0.000      0.000 
     0.000      0.000      1.000      0.000      0.000      0.000      0.000 
     0.000      0.000      0.000      1.000      0.000      0.000      0.000 
     0.000      0.000      0.000      0.000      1.000      0.000      0.000 
     0.000      0.000      0.000      0.000      0.000      1.000      0.000 
     0.000      0.000      0.000      0.000      0.000      0.000      1.000 
